[gd_scene load_steps=13 format=2]

[ext_resource path="res://Tiles/Tiles.tres" type="MeshLibrary" id=1]
[ext_resource path="res://Cars/CarScenes/DeliveryTruck.tscn" type="PackedScene" id=2]
[ext_resource path="res://Assets/LandscapeModels/Nature/BushCollection2.tscn" type="PackedScene" id=3]
[ext_resource path="res://Assets/LandscapeModels/Nature/BushCollection1.tscn" type="PackedScene" id=4]
[ext_resource path="res://Assets/LandscapeModels/Nature/TreeCluster1.tscn" type="PackedScene" id=5]
[ext_resource path="res://Assets/LandscapeModels/Nature/Rock2.tscn" type="PackedScene" id=6]
[ext_resource path="res://Assets/LandscapeModels/Nature/Rock1.tscn" type="PackedScene" id=7]
[ext_resource path="res://Assets/LandscapeModels/Nature/Rock3.tscn" type="PackedScene" id=8]

[sub_resource type="ProceduralSky" id=3]
ground_energy = 2.0
sun_color = Color( 0.886275, 0.756863, 0.505882, 1 )
sun_longitude = -90.0

[sub_resource type="Environment" id=4]
background_mode = 2
background_sky = SubResource( 3 )
ambient_light_color = Color( 0.501961, 0.501961, 0.501961, 1 )
ambient_light_sky_contribution = 0.0
tonemap_mode = 2
ss_reflections_enabled = true
ssao_enabled = true
adjustment_enabled = true
adjustment_saturation = 1.5

[sub_resource type="Curve3D" id=1]
_data = {
"points": PoolVector3Array( 0, 0, 0, 0, 0, 0, 27.4789, 1.43492, -0.713234, 0, 0, 0, 0, 0, 0, 58.1958, 1.43492, 0.288406, 0, 0, 0, 0, 0, 0, 82.2351, 1.43492, 2.95943, 0, 0, 0, 0, 0, 0, 92.5853, 1.43492, 12.6419, 0, 0, 0, 0, 0, 0, 94.5886, 1.43492, 32.3408, 0, 0, 0, 0, 0, 0, 91.2498, 1.43492, 50.3703, 0, 0, 0, 0, 0, 0, 88.2449, 1.43492, 58.7173, 0, 0, 0, 0, 0, 0, 96.258, 1.43492, 66.7304, 0, 0, 0, 0, 0, 0, 113.286, 1.43492, 68.0659, 0, 0, 0, 0, 0, 0, 125.973, 1.43492, 70.0692, 0, 0, 0, 0, 0, 0, 137.659, 1.43492, 74.0757, 0, 0, 0, 0, 0, 0, 151.682, 1.43492, 85.4276, 0, 0, 0, 0, 0, 0, 153.351, 1.43492, 98.4489, 0, 0, 0, 0, 0, 0, 156.69, 1.43492, 118.816, 0, 0, 0, 0, 0, 0, 157.692, 1.43492, 138.848, 0, 0, 0, 0, 0, 0, 154.019, 1.43492, 150.2, 0, 0, 0, 0, 0, 0, 149.345, 1.43492, 161.218, 0, 0, 0, 0, 0, 0, 135.322, 1.43492, 170.233, 0, 0, 0, 0, 0, 0, 120.965, 1.43492, 174.24, 0, 0, 0, 0, 0, 0, 100.932, 1.43492, 177.244, 0, 0, 0, 0, 0, 0, 81.2335, 1.43492, 179.582, 0, 0, 0, 0, 0, 0, 67.8783, 1.43492, 178.246, 0, 0, 0, 0, 0, 0, 52.5198, 1.43492, 178.246, 0, 0, 0, 0, 0, 0, 40.5001, 1.43492, 178.58, 0, 0, 0, 0, 0, 0, 36.8275, 1.43492, 183.254, 0, 0, 0, 0, 0, 0, 29.4821, 1.43492, 188.93, 0, 0, 0, 0, 0, 0, 19.1319, 1.43492, 195.608, 0, 0, 0, 0, 0, 0, 2.10403, 1.43492, 203.287, 0, 0, 0, 0, 0, 0, -25.9418, 1.43492, 205.624, 0, 0, 0, 0, 0, 0, -49.6473, 1.43492, 198.613, 0, 0, 0, 0, 0, 0, -61.6669, 1.43492, 187.929, 0, 0, 0, 0, 0, 0, -78.3609, 1.43492, 182.92, 0, 0, 0, 0, 0, 0, -98.0598, 1.43492, 181.251, 0, 0, 0, 0, 0, 0, -116.423, 1.43492, 185.591, 0, 0, 0, 0, 0, 0, -135.12, 1.43492, 196.276, 0, 0, 0, 0, 0, 0, -152.482, 1.43492, 203.287, 0, 0, 0, 0, 0, 0, -173.85, 1.43492, 207.961, 0, 0, 0, 0, 0, 0, -191.999, 1.43492, 202.759, 0, 0, 0, 0, 0, 0, -206.69, 1.43492, 191.407, 0, 0, 0, 0, 0, 0, -211.03, 1.43492, 171.04, 0, 0, 0, 0, 0, 0, -210.029, 1.43492, 141.659, 0, 0, 0, 0, 0, 0, -214.703, 1.43492, 122.294, 0, 0, 0, 0, 0, 0, -223.05, 1.43492, 98.9224, 0, 0, 0, 0, 0, 0, -224.719, 1.43492, 69.541, 0, 0, 0, 0, 0, 0, -220.045, 1.43492, 44.1662, 0, 0, 0, 0, 0, 0, -208.025, 1.43492, 25.1351, 0, 0, 0, 0, 0, 0, -179.646, 1.43492, 20.1269, 0, 0, 0, 0, 0, 0, -147.593, 1.43492, 17.122, 0, 0, 0, 0, 0, 0, -107.861, 1.43492, 12.1138, 0, 0, 0, 0, 0, 0, -78.4801, 1.43492, 7.10561, 0, 0, 0, 0, 0, 0, -43.7567, 1.43492, 0.761894, 0, 0, 0, 0, 0, 0, -2.35561, 1.43492, 1.09578, 0, 0, 0, 0, 0, 0, 27.4789, 1.43492, -0.713234 ),
"tilts": PoolRealArray( 0, 0, 0, 0, 0, 0, 0, 0, 0, 0, 0, 0, 0, 0, 0, 0, 0, 0, 0, 0, 0, 0, 0, 0, 0, 0, 0, 0, 0, 0, 0, 0, 0, 0, 0, 0, 0, 0, 0, 0, 0, 0, 0, 0, 0, 0, 0, 0, 0, 0, 0, 0, 0 )
}

[sub_resource type="SpatialMaterial" id=2]
flags_unshaded = true
albedo_color = Color( 1, 0, 0, 1 )
distance_fade_mode = 1
distance_fade_min_distance = 30.0
distance_fade_max_distance = 5.0

[node name="Track" type="Spatial"]

[node name="GridMap" type="GridMap" parent="."]
transform = Transform( 1, 0, 0, 0, 1, 0, 0, 0, 1, 0, -2, 0 )
mesh_library = ExtResource( 1 )
cell_size = Vector3( 4, 4, 4 )
cell_scale = 2.0
data = {
"cells": PoolIntArray( 1, 3, 1048577, 5, 3, 1441793, 9, 3, 1048577, 13, 3, 1048577, 17, 3, 2, 21, 3, 1441793, 25, 3, 1441793, 37, 3, 1441792, 65477, 3, 1441792, 65481, 3, 1, 65485, 3, 1048576, 65489, 3, 1048601, 65493, 3, 19, 65497, 3, 19, 65501, 3, 19, 65505, 3, 19, 65509, 3, 1441817, 65513, 3, 1048576, 65517, 3, 655378, 65529, 3, 18, 65533, 3, 655364, 131057, 3, 655376, 131061, 3, 1441808, 31, 5, 5, 1, 7, 1048594, 5, 7, 1048594, 9, 7, 16, 13, 7, 1441812, 17, 7, 1441814, 21, 7, 655380, 25, 7, 26, 37, 7, 1441792, 65477, 7, 1441792, 65489, 7, 1048601, 65493, 7, 19, 65497, 7, 1048595, 65501, 7, 655384, 65505, 7, 1048600, 65509, 7, 1441817, 65513, 7, 1048576, 65517, 7, 655376, 65521, 7, 1441810, 65525, 7, 655377, 65529, 7, 17, 65533, 7, 1048594, 65483, 9, 1048582, 9, 11, 18, 13, 11, 22, 17, 11, 1441811, 21, 11, 655381, 25, 11, 655380, 29, 11, 0, 33, 11, 655361, 37, 11, 1441805, 65477, 11, 1441792, 65489, 11, 1048601, 65493, 11, 19, 65497, 11, 655384, 65501, 11, 655383, 65505, 11, 1048601, 65509, 11, 1441816, 65513, 11, 25, 65517, 11, 25, 65521, 11, 1441815, 65525, 11, 655378, 65537, 11, 655360, 65541, 11, 655360, 131065, 11, 655360, 131069, 11, 655360, 1, 15, 655377, 9, 15, 18, 13, 15, 20, 17, 15, 1048598, 21, 15, 1048598, 25, 15, 1048596, 29, 15, 0, 33, 15, 1441806, 37, 15, 1441805, 65477, 15, 1441792, 65481, 15, 1441792, 65485, 15, 1048579, 65489, 15, 1048601, 65493, 15, 19, 65497, 15, 1441816, 65501, 15, 25, 65505, 15, 24, 65509, 15, 1048595, 65513, 15, 1048595, 65517, 15, 1048595, 65521, 15, 1441817, 65525, 15, 655376, 65529, 15, 1441810, 65533, 15, 1441810, 65541, 15, 0, 1, 19, 655376, 5, 19, 1441810, 9, 19, 1441808, 13, 19, 0, 17, 19, 0, 21, 19, 0, 25, 19, 0, 37, 19, 1441792, 65477, 19, 1441792, 65481, 19, 1441792, 65485, 19, 1, 65489, 19, 1048599, 65493, 19, 655385, 65497, 19, 655385, 65501, 19, 655385, 65505, 19, 655385, 65509, 19, 655385, 65513, 19, 655385, 65517, 19, 655385, 65521, 19, 655383, 65525, 19, 655360, 65529, 19, 655360, 65533, 19, 655360, 31, 21, 1441797, 1, 23, 1048576, 5, 23, 1048580, 9, 23, 1048577, 13, 23, 1441793, 17, 23, 3, 21, 23, 1441793, 25, 23, 1441793, 37, 23, 1441792, 65477, 23, 1441792, 65481, 23, 1441792, 65485, 23, 1, 65489, 23, 1048576, 65493, 23, 1048576, 65497, 23, 1048576, 65509, 23, 1048577, 65513, 23, 655363, 65525, 23, 655360, 65529, 23, 655360, 65533, 23, 655360, 65503, 25, 655366, 65519, 25, 7, 5, 27, 1441796, 9, 27, 655373, 13, 27, 655373, 17, 27, 655373, 21, 27, 1441792, 25, 27, 1441792, 29, 27, 1441792, 33, 27, 1441792, 37, 27, 1441792, 65477, 27, 1441792, 65481, 27, 1441792, 65509, 27, 1441792, 65513, 27, 1441792, 65487, 29, 655365, 65495, 29, 655366, 65527, 29, 7, 65535, 29, 6, 5, 31, 1441792, 9, 31, 1441792, 13, 31, 1441792, 17, 31, 1441792, 21, 31, 1441792, 25, 31, 1441792, 29, 31, 1441792, 33, 31, 0, 37, 31, 0, 65477, 31, 1441792, 65481, 31, 1441792, 65501, 31, 1441792, 65505, 31, 1441792, 65509, 31, 1441792, 65513, 31, 1441792, 65517, 31, 1441792, 65521, 31, 1441792, 1, 35, 1441792, 5, 35, 1441792, 9, 35, 1441792, 13, 35, 1441792, 17, 35, 1441792, 21, 35, 1441792, 25, 35, 1441792, 29, 35, 0, 33, 35, 0, 37, 35, 0, 65477, 35, 1441792, 65481, 35, 1441792, 65485, 35, 1441792, 65489, 35, 1441792, 65493, 35, 1441792, 65497, 35, 1441792, 65501, 35, 1441792, 65505, 35, 1441792, 65509, 35, 1441792, 65513, 35, 1441792, 65517, 35, 1441792, 65521, 35, 1441792, 65525, 35, 1441792, 65529, 35, 1441792, 65533, 35, 1441792, 1, 65519, 0, 5, 65519, 0, 9, 65519, 0, 13, 65519, 0, 17, 65519, 0, 21, 65519, 655378, 65477, 65519, 1441792, 65481, 65519, 0, 65485, 65519, 0, 65489, 65519, 0, 65493, 65519, 0, 65497, 65519, 0, 65501, 65519, 0, 65505, 65519, 0, 65509, 65519, 0, 65513, 65519, 0, 65517, 65519, 0, 65521, 65519, 0, 65525, 65519, 0, 65529, 65519, 0, 65533, 65519, 0, 65561, 65519, 655378, 131101, 65519, 655378, 196641, 65519, 655360, 196645, 65519, 655360, 1, 65523, 1048577, 5, 65523, 1048577, 17, 65523, 4, 21, 65523, 655378, 65477, 65523, 1441792, 65481, 65523, 0, 65485, 65523, 0, 65489, 65523, 0, 65493, 65523, 0, 65497, 65523, 0, 65501, 65523, 0, 65505, 65523, 0, 65509, 65523, 0, 65513, 65523, 0, 65533, 65523, 1441793, 65561, 65523, 655378, 131101, 65523, 655376, 131105, 65523, 1441810, 131109, 65523, 1441810, 11, 65525, 655371, 65519, 65525, 655366, 65527, 65525, 655369, 1, 65527, 655370, 5, 65527, 655372, 17, 65527, 1, 21, 65527, 655378, 65477, 65527, 1441792, 65489, 65527, 1048577, 65493, 65527, 1048577, 65497, 65527, 1048577, 65501, 65527, 1441793, 65505, 65527, 1441793, 65509, 65527, 1048577, 65513, 65527, 1048577, 65533, 65527, 655368, 65561, 65527, 655376, 65565, 65527, 1441810, 65569, 65527, 1441810, 65573, 65527, 1441810, 65483, 65529, 1048581, 9, 65531, 1048577, 13, 65531, 1048577, 17, 65531, 1441796, 21, 65531, 655376, 25, 65531, 1441810, 29, 65531, 1441810, 33, 65531, 1441810, 37, 65531, 1441810, 65477, 65531, 1441792, 65489, 65531, 1048576, 65493, 65531, 1048576, 65497, 65531, 1048576, 65501, 65531, 23, 65505, 65531, 25, 65509, 65531, 1441815, 65513, 65531, 1048602, 65517, 65531, 1048592, 65521, 65531, 1048594, 65525, 65531, 1048594, 65529, 65531, 16, 65533, 65531, 0, 3, 65533, 655366, 9, 65535, 1048576, 13, 65535, 1048576, 17, 65535, 1048576, 21, 65535, 13, 25, 65535, 13, 29, 65535, 1441792, 33, 65535, 1441792, 37, 65535, 1441792, 65477, 65535, 1441792, 65481, 65535, 1, 65485, 65535, 1048576, 65489, 65535, 23, 65493, 65535, 25, 65497, 65535, 25, 65501, 65535, 24, 65505, 65535, 19, 65509, 65535, 1441817, 65513, 65535, 1048576, 65517, 65535, 655378, 65529, 65535, 18, 65533, 65535, 1048580, 131057, 65535, 1048592, 131061, 65535, 16 )
}
__meta__ = {
"_editor_clip_": 0,
"_editor_floor_": Vector3( 0, 3, 0 )
}

[node name="WorldEnvironment" type="WorldEnvironment" parent="."]
environment = SubResource( 4 )

[node name="DirectionalLight" type="DirectionalLight" parent="."]
transform = Transform( 0.352376, -0.14219, -0.924993, 0.92105, -0.122441, 0.369696, -0.165824, -0.982237, 0.0878192, 0, 29.8289, 27 )
light_energy = 1.5
shadow_enabled = true

[node name="Boundary" type="Spatial" parent="."]
transform = Transform( 1, 0, 0, 0, 1, 0, 0, 0, 1, 0, -3.24158, 0 )

[node name="Path" type="Path" parent="Boundary"]
transform = Transform( 1, 0, 0, 0, 1, 0, 0, 0, 1, -9.01748, 3.95791, -68.2299 )
curve = SubResource( 1 )

[node name="CSGPolygon" type="CSGPolygon" parent="Boundary/Path"]
use_collision = true
invert_faces = true
polygon = PoolVector2Array( 0, 0, -3.03927, 19.5167, 2.36926, 20.807, 1, 0 )
mode = 2
path_node = NodePath("..")
path_interval = 1.0
path_rotation = 1
path_local = false
path_continuous_u = false
path_joined = true
smooth_faces = true
material = SubResource( 2 )

[node name="NatureProps" type="Spatial" parent="."]

[node name="Bushes" type="Spatial" parent="NatureProps"]

[node name="BushCollection1" parent="NatureProps/Bushes" instance=ExtResource( 4 )]
transform = Transform( 0.985621, 0, 0.168971, 0, 1, 0, -0.168971, 0, 0.985621, 65.4424, 1.9746, 5.60022 )

[node name="BushCollection13" parent="NatureProps/Bushes" instance=ExtResource( 4 )]
transform = Transform( 0.985621, 0, 0.168971, 0, 1, 0, -0.168971, 0, 0.985621, -134.861, 1.68788, 59.9181 )

[node name="BushCollection15" parent="NatureProps/Bushes" instance=ExtResource( 4 )]
transform = Transform( -0.240143, 0, 0.970737, 0, 1, 0, -0.970737, 0, -0.240143, -124.63, 1.68788, 48.1072 )

[node name="BushCollection14" parent="NatureProps/Bushes" instance=ExtResource( 4 )]
transform = Transform( 0.503864, 0, 0.863783, 0, 1, 0, -0.863783, 0, 0.503864, -126.315, 1.68788, 56.9228 )

[node name="BushCollection2" parent="NatureProps/Bushes" instance=ExtResource( 4 )]
transform = Transform( -0.985621, 0, -0.168971, 0, 1, 0, 0.168971, 0, -0.985621, 56.2972, 1.9746, 5.15714 )

[node name="BushCollection4" parent="NatureProps/Bushes" instance=ExtResource( 4 )]
transform = Transform( 0.994267, 0, 0.106924, 0, 1, 0, -0.106924, 0, 0.994267, 49.1298, 1.9746, 5.88611 )

[node name="BushCollection5" parent="NatureProps/Bushes" instance=ExtResource( 4 )]
transform = Transform( -0.994267, 0, -0.106923, 0, 1, 0, 0.106923, 0, -0.994267, 40.0302, 1.9746, 4.87125 )

[node name="BushCollection11" parent="NatureProps/Bushes" instance=ExtResource( 4 )]
transform = Transform( 0.985621, 0, 0.168971, 0, 1, 0, -0.168971, 0, 0.985621, 32.5327, 1.63426, 5.60022 )

[node name="BushCollection12" parent="NatureProps/Bushes" instance=ExtResource( 4 )]
transform = Transform( -0.985621, 0, -0.168971, 0, 1, 0, 0.168971, 0, -0.985621, 23.3875, 1.63426, 5.15714 )

[node name="BushCollection6" parent="NatureProps/Bushes" instance=ExtResource( 4 )]
transform = Transform( -0.98516, 0, -0.171637, 0, 1, 0, 0.171637, 0, -0.98516, 53.6634, 1.9746, -9.58013 )

[node name="BushCollection7" parent="NatureProps/Bushes" instance=ExtResource( 4 )]
transform = Transform( -0.98516, 0, -0.171637, 0, 1, 0, 0.171637, 0, -0.98516, 45.426, 1.9746, -9.99847 )

[node name="BushCollection8" parent="NatureProps/Bushes" instance=ExtResource( 4 )]
transform = Transform( -0.994342, 0, -0.106229, 0, 1, 0, 0.106229, 0, -0.994342, 36.9316, 1.9746, -9.75616 )

[node name="BushCollection9" parent="NatureProps/Bushes" instance=ExtResource( 4 )]
transform = Transform( -0.979311, 0, -0.20236, 0, 1, 0, 0.20236, 0, -0.979311, 28.2493, 1.9746, -9.86584 )

[node name="BushCollection3" parent="NatureProps/Bushes" instance=ExtResource( 3 )]
transform = Transform( 0.955531, 0, 0.294891, 0, 1, 0, -0.294891, 0, 0.955531, 49.739, 2, 25.0396 )

[node name="BushCollection10" parent="NatureProps/Bushes" instance=ExtResource( 3 )]
transform = Transform( 0.485206, 0, -0.8744, 0, 1, 0, 0.8744, 0, 0.485206, 91.1434, 2, 23.1373 )

[node name="Trees" type="Spatial" parent="NatureProps"]

[node name="TreeCluster1" parent="NatureProps/Trees" instance=ExtResource( 5 )]
transform = Transform( 0.920532, 0, 0.390667, 0, 1, 0, -0.390667, 0, 0.920532, 50.1556, 0, 0.99344 )

[node name="TreeCluster2" parent="NatureProps/Trees" instance=ExtResource( 5 )]
transform = Transform( 0.749973, 0, 0.661469, 0, 1, 0, -0.661469, 0, 0.749973, 54.806, 0, -1.24171 )

[node name="TreeCluster3" parent="NatureProps/Trees" instance=ExtResource( 5 )]
transform = Transform( 0.920532, 0, 0.390667, 0, 1, 0, -0.390667, 0, 0.920532, 53.8262, 0, -4.32269 )

[node name="TreeCluster4" parent="NatureProps/Trees" instance=ExtResource( 5 )]
transform = Transform( 0.749973, 0, 0.661469, 0, 1, 0, -0.661469, 0, 0.749973, 58.4765, 0, -6.55784 )

[node name="TreeCluster5" parent="NatureProps/Trees" instance=ExtResource( 5 )]
transform = Transform( 0.920532, 0, 0.390667, 0, 1, 0, -0.390667, 0, 0.920532, 26.8509, 4.1044, 45.6442 )

[node name="TreeCluster6" parent="NatureProps/Trees" instance=ExtResource( 5 )]
transform = Transform( 0.749973, 0, 0.661469, 0, 1, 0, -0.661469, 0, 0.749973, 31.5012, 4.1044, 43.4091 )

[node name="TreeCluster7" parent="NatureProps/Trees" instance=ExtResource( 5 )]
transform = Transform( 0.920532, 0, 0.390667, 0, 1, 0, -0.390667, 0, 0.920532, 30.5215, 4.1044, 40.3281 )

[node name="TreeCluster8" parent="NatureProps/Trees" instance=ExtResource( 5 )]
transform = Transform( 0.749973, 0, 0.661469, 0, 1, 0, -0.661469, 0, 0.749973, 35.1718, 4.1044, 38.093 )

[node name="TreeCluster9" parent="NatureProps/Trees" instance=ExtResource( 5 )]
transform = Transform( 0.670077, 0, 0.742292, 0, 1, 0, -0.742292, 0, 0.670077, 27.1412, 4.1044, 56.8831 )

[node name="TreeCluster10" parent="NatureProps/Trees" instance=ExtResource( 5 )]
transform = Transform( 0.40126, 0, 0.915964, 0, 1, 0, -0.915964, 0, 0.40126, 30.416, 4.1044, 52.896 )

[node name="TreeCluster11" parent="NatureProps/Trees" instance=ExtResource( 5 )]
transform = Transform( 0.670077, 0, 0.742292, 0, 1, 0, -0.742292, 0, 0.670077, 28.2289, 4.1044, 50.5151 )

[node name="TreeCluster12" parent="NatureProps/Trees" instance=ExtResource( 5 )]
transform = Transform( 0.40126, 0, 0.915964, 0, 1, 0, -0.915964, 0, 0.40126, 31.5037, 4.1044, 46.528 )

[node name="TreeCluster13" parent="NatureProps/Trees" instance=ExtResource( 5 )]
transform = Transform( 0.670077, 0, 0.742292, 0, 1, 0, -0.742292, 0, 0.670077, -138.199, -0.0290806, 54.0707 )

[node name="TreeCluster14" parent="NatureProps/Trees" instance=ExtResource( 5 )]
transform = Transform( 0.40126, 0, 0.915964, 0, 1, 0, -0.915964, 0, 0.40126, -134.924, -0.0290806, 50.0836 )

[node name="TreeCluster15" parent="NatureProps/Trees" instance=ExtResource( 5 )]
transform = Transform( 0.670077, 0, 0.742292, 0, 1, 0, -0.742292, 0, 0.670077, -137.111, -0.0290806, 47.7027 )

[node name="TreeCluster16" parent="NatureProps/Trees" instance=ExtResource( 5 )]
transform = Transform( 0.40126, 0, 0.915964, 0, 1, 0, -0.915964, 0, 0.40126, -133.837, -0.0290806, 43.7156 )

[node name="TreeCluster17" parent="NatureProps/Trees" instance=ExtResource( 5 )]
transform = Transform( -0.640083, 0, 0.768306, 0, 1, 0, -0.768306, 0, -0.640083, -128.787, -0.0290806, 35.0888 )

[node name="TreeCluster18" parent="NatureProps/Trees" instance=ExtResource( 5 )]
transform = Transform( -0.850021, 0, 0.526748, 0, 1, 0, -0.526748, 0, -0.850021, -132.271, -0.0290806, 31.2831 )

[node name="TreeCluster19" parent="NatureProps/Trees" instance=ExtResource( 5 )]
transform = Transform( -0.640083, 0, 0.768306, 0, 1, 0, -0.768306, 0, -0.640083, -134.937, -0.0290806, 33.1116 )

[node name="TreeCluster20" parent="NatureProps/Trees" instance=ExtResource( 5 )]
transform = Transform( -0.850021, 0, 0.526748, 0, 1, 0, -0.526748, 0, -0.850021, -138.421, -0.0290806, 29.3059 )

[node name="Rocks" type="Spatial" parent="NatureProps"]

[node name="Rock1" parent="NatureProps/Rocks" instance=ExtResource( 7 )]
transform = Transform( 1, 0, 0, 0, 1, 0, 0, 0, 1, -2.08597, 2.34474, 6.06998 )

[node name="Rock4" parent="NatureProps/Rocks" instance=ExtResource( 7 )]
transform = Transform( 0.856781, 0, 0.515681, 0, 1, 0, -0.515681, 0, 0.856781, -1.17912, 1.77644, 5.61878 )

[node name="Rock2" parent="NatureProps/Rocks" instance=ExtResource( 6 )]
transform = Transform( 0.907997, 0, 0.418977, 0, 1, 0, -0.418977, 0, 0.907997, 18.945, 1.87802, 1.75881 )

[node name="Rock3" parent="NatureProps/Rocks" instance=ExtResource( 8 )]
transform = Transform( 0.682968, 0, 0.730448, -0.625801, 0.515756, 0.585123, -0.376733, -0.856736, 0.352245, -12.0398, 1.454, 18.7941 )

[node name="Rock5" parent="NatureProps/Rocks" instance=ExtResource( 8 )]
transform = Transform( 0.682968, 0, 0.730448, -0.723465, -0.137946, 0.676439, 0.100762, -0.99044, -0.0942126, -13.072, 2.10202, 18.7941 )

[node name="Rock6" parent="NatureProps/Rocks" instance=ExtResource( 8 )]
transform = Transform( 0.26294, -0.323502, -1.95607, -1.36284, 1.40362, -0.415333, 1.43997, 1.38751, -0.035906, -12.8319, 1.63245, 19.0165 )

[node name="DeliveryTruck" parent="." instance=ExtResource( 2 )]
transform = Transform( -4.37114e-08, 0, 1, 0, 1, 0, -1, 0, -4.37114e-08, 61, 3, 12 )
playerId = 1

[node name="Camera" type="Camera" parent="DeliveryTruck"]
transform = Transform( -1, -1.13133e-08, -8.89122e-08, -3.394e-08, 0.965926, 0.258819, 8.29545e-08, 0.258819, -0.965926, 0, 3, -5 )
far = 1000.0
